0 1
0 2
0 72
0 3
0 4
0 5
0 6
0 7
0 8
0 101
0 30
0 80
0 87
0 76
0 31
0 32
0 117
0 83
0 73
0 33
0 118
0 34
0 35
0 36
0 119
0 37
0 92
0 120
0 38
0 39
0 40
0 121
0 122
0 41
0 42
0 43
0 44
0 45
0 46
0 47
0 123
0 48
0 49
0 77
0 124
0 125
0 110
0 50
0 51
0 126
0 127
0 52
0 53
0 54
0 55
0 128
0 56
0 57
0 58
0 59
0 60
0 61
0 62
0 129
0 130
0 63
0 64
0 65
0 66
0 67
0 68
0 81
0 69
0 131
0 132
0 133
0 134
0 135
0 70
71 1
71 2
71 72
71 3
71 4
71 5
71 6
71 7
71 8
71 9
71 10
71 11
71 12
71 13
71 14
71 15
71 16
71 17
71 18
71 19
71 20
71 21
71 22
71 23
71 24
71 25
71 26
71 27
71 28
71 29
71 30
71 87
71 76
71 31
71 83
71 73
71 33
71 34
71 35
71 36
71 37
71 92
71 120
71 39
71 40
71 121
71 41
71 42
71 43
71 44
71 45
71 46
71 47
71 123
71 48
71 49
71 77
71 50
71 51
71 52
71 53
71 54
71 55
71 56
71 57
71 58
71 59
71 60
71 61
71 62
71 129
71 130
71 63
71 64
71 65
71 66
71 67
71 68
71 81
71 69
71 131
71 132
71 133
71 70
71 136
71 137
74 1
74 2
74 3
74 4
74 5
74 6
74 7
74 8
74 9
74 10
74 11
74 12
74 13
74 14
74 15
74 16
74 17
74 18
74 19
74 20
74 21
74 22
74 23
74 24
74 25
74 26
74 27
74 28
74 29
74 76
74 31
74 73
74 118
74 34
74 37
74 120
74 39
74 40
74 41
74 42
74 44
74 45
74 46
74 47
74 123
74 48
74 49
74 77
74 125
74 51
74 127
74 56
74 57
74 58
74 59
74 60
74 61
74 62
74 66
74 67
74 68
74 70
74 136
75 1
75 2
75 3
75 4
75 5
75 6
75 7
75 8
75 87
75 76
75 32
75 73
75 34
75 37
75 120
75 39
75 40
75 41
75 42
75 123
75 48
75 49
75 77
75 51
75 52
75 53
75 54
75 55
75 56
75 57
75 58
75 59
75 62
75 63
75 64
75 65
75 66
75 67
75 68
75 81
75 69
105 1
105 2
105 3
105 4
105 5
105 6
105 7
105 8
105 76
105 83
105 73
105 118
105 34
105 119
105 120
105 39
105 40
105 41
105 42
105 123
105 110
105 51
105 56
105 57
105 58
105 59
105 62
105 66
105 131
105 132
105 70
105 136
105 138
78 1
78 2
78 72
78 3
78 4
78 5
78 6
78 7
78 8
78 87
78 76
78 31
78 83
78 73
78 118
78 37
78 39
78 40
78 41
78 42
78 44
78 45
78 46
78 47
78 48
78 49
78 77
78 51
78 56
78 57
78 58
78 59
78 60
78 61
78 62
78 66
78 67
78 68
78 131
78 132
78 136
86 1
86 2
86 3
86 4
86 5
86 6
86 7
86 8
86 31
86 73
86 33
86 37
86 39
86 40
86 41
86 42
86 44
86 45
86 46
86 47
86 123
86 126
86 128
86 56
86 57
86 58
86 59
86 62
86 67
86 68
86 70
88 1
88 2
88 72
88 3
88 4
88 5
88 6
88 7
88 8
88 31
88 73
88 37
88 39
88 40
88 41
88 42
88 77
88 126
88 56
88 57
88 58
88 59
88 62
88 67
88 68
112 1
112 2
112 3
112 4
112 5
112 6
112 7
112 8
112 73
112 37
112 39
112 40
112 62
112 131
112 132
89 1
89 2
89 3
89 4
89 5
89 6
89 7
89 8
89 30
89 87
89 76
89 73
89 34
89 39
89 40
89 41
89 42
89 44
89 45
89 46
89 47
89 77
89 125
89 50
89 52
89 53
89 54
89 55
89 128
89 56
89 57
89 58
89 59
89 62
89 66
89 67
89 68
89 81
79 1
79 2
79 3
79 4
79 5
79 6
79 7
79 8
79 80
79 32
79 117
79 73
79 34
79 37
79 39
79 40
79 121
79 41
79 42
79 123
79 77
79 56
79 57
79 58
79 59
79 62
79 130
79 66
79 67
79 68
79 81
79 133
79 134
104 1
104 2
104 139
104 3
104 4
104 5
104 6
104 7
104 8
104 76
104 31
104 34
104 37
104 39
104 40
104 56
104 57
104 58
104 59
104 60
104 61
104 62
104 66
104 67
104 68
82 1
82 2
82 3
82 4
82 5
82 6
82 7
82 8
82 87
82 83
82 73
82 34
82 37
82 39
82 40
82 41
82 42
82 77
82 126
82 52
82 53
82 54
82 55
82 56
82 57
82 58
82 59
82 60
82 61
82 62
82 67
82 68
82 70
82 136
90 1
90 2
90 139
90 3
90 4
90 5
90 6
90 7
90 8
90 76
90 31
90 73
90 33
90 37
90 39
90 40
90 41
90 42
90 44
90 45
90 46
90 47
90 124
90 125
90 51
90 56
90 57
90 58
90 59
90 62
90 67
90 68
90 81
90 135
91 1
91 2
91 72
91 3
91 4
91 5
91 6
91 7
91 8
91 73
91 37
91 92
91 39
91 40
91 41
91 42
91 56
91 57
91 58
91 59
91 62
91 66
91 70
84 1
84 2
84 3
84 4
84 5
84 6
84 7
84 8
84 80
84 87
84 31
84 73
84 33
84 118
84 34
84 39
84 40
84 41
84 42
84 44
84 45
84 46
84 47
84 48
84 49
84 77
84 56
84 57
84 58
84 59
84 60
84 61
84 62
84 63
84 64
84 65
84 66
84 67
84 68
84 70
102 1
102 2
102 3
102 4
102 5
102 6
102 7
102 8
102 30
102 76
102 31
102 73
102 34
102 37
102 120
102 38
102 39
102 40
102 41
102 42
102 56
102 57
102 58
102 59
102 62
102 66
102 67
102 68
102 69
102 136
140 1
140 2
140 3
140 4
140 5
140 6
140 7
140 8
140 62
93 1
93 2
93 72
93 3
93 4
93 5
93 6
93 7
93 8
93 87
93 76
93 31
93 73
93 37
93 39
93 40
93 41
93 42
93 77
93 56
93 57
93 58
93 59
93 62
93 66
93 67
93 68
141 1
141 2
141 3
141 4
141 5
141 6
141 7
141 8
141 87
141 34
141 39
141 40
141 123
141 48
141 49
141 77
141 56
141 57
141 58
141 59
141 62
94 1
94 2
94 3
94 4
94 5
94 6
94 7
94 8
94 73
94 37
94 39
94 40
94 41
94 42
94 44
94 45
94 46
94 47
94 56
94 57
94 58
94 59
94 60
94 61
94 62
94 67
94 68
116 1
116 2
116 3
116 4
116 5
116 6
116 7
116 8
116 33
116 41
116 42
116 123
116 77
116 62
116 70
142 1
142 2
142 3
142 4
142 5
142 6
142 7
142 8
142 31
142 73
142 37
142 124
142 126
142 62
142 67
142 68
95 1
95 2
95 3
95 4
95 5
95 6
95 7
95 8
95 9
95 10
95 11
95 12
95 13
95 14
95 15
95 16
95 17
95 18
95 19
95 20
95 21
95 22
95 23
95 24
95 25
95 26
95 27
95 28
95 29
95 31
95 34
95 39
95 40
95 121
95 41
95 42
95 56
95 57
95 58
95 59
95 62
95 66
95 70
115 1
115 2
115 3
115 4
115 5
115 6
115 7
115 8
115 31
115 73
115 37
115 39
115 40
115 41
115 42
115 123
115 77
115 126
115 56
115 57
115 58
115 59
115 62
115 67
115 68
115 81
115 133
143 1
143 2
143 3
143 4
143 5
143 6
143 7
143 8
103 1
103 2
103 3
103 4
103 5
103 6
103 7
103 8
103 30
103 87
103 31
103 73
103 37
103 56
103 57
103 58
103 59
103 62
103 66
103 67
103 68
106 1
106 2
106 3
106 4
106 5
106 6
106 7
106 8
106 73
106 34
106 121
106 41
106 42
106 56
106 57
106 58
106 59
106 62
106 66
108 1
108 2
108 3
108 4
108 5
108 6
108 7
108 8
108 31
108 41
108 42
108 44
108 45
108 46
108 47
108 56
108 57
108 58
108 59
108 62
109 1
109 2
109 3
109 4
109 5
109 6
109 7
109 8
109 73
109 44
109 45
109 46
109 47
109 62
144 1
144 2
144 3
144 4
144 5
144 6
144 7
144 8
144 62
85 1
85 2
85 3
85 4
85 5
85 6
85 7
85 8
85 73
85 39
85 40
85 44
85 45
85 46
85 47
85 56
85 57
85 58
85 59
85 62
145 1
145 2
145 3
145 4
145 5
145 6
145 7
145 8
145 87
145 73
145 56
145 57
145 58
145 59
145 62
146 1
146 2
146 3
146 4
146 5
146 6
146 7
146 8
146 56
146 57
146 58
146 59
97 1
97 2
97 3
97 4
97 5
97 6
97 7
97 8
97 56
97 57
97 58
97 59
97 62
97 66
147 1
147 2
148 1
148 2
148 3
148 4
148 5
148 6
148 7
148 8
148 39
148 40
148 62
149 1
149 2
149 3
149 4
149 5
149 6
149 7
149 8
149 50
149 62
150 1
150 2
150 3
150 4
150 5
150 6
150 7
150 8
150 39
150 40
150 62
151 1
151 2
151 3
151 4
151 5
151 6
151 7
151 8
151 56
151 57
151 58
151 59
152 1
152 2
152 3
152 4
152 5
152 6
152 7
152 8
152 62
153 1
153 2
153 62
154 1
154 2
155 3
155 4
155 5
155 6
155 7
155 8
155 56
155 57
155 58
155 59
155 62
113 3
113 4
113 5
113 6
113 7
113 8
113 76
113 31
113 73
113 39
113 40
113 44
113 45
113 46
113 47
113 48
113 49
113 51
113 52
113 53
113 54
113 55
113 56
113 57
113 58
113 59
113 62
113 63
113 64
113 65
113 66
156 3
156 4
156 5
156 6
156 7
156 8
156 87
156 83
156 73
156 34
156 37
156 92
156 39
156 40
156 122
156 41
156 42
156 44
156 45
156 46
156 47
156 48
156 49
156 126
156 56
156 57
156 58
156 59
156 62
156 67
156 68
156 81
156 134
156 157
158 3
158 4
158 5
158 6
158 7
158 8
158 39
158 40
158 44
158 45
158 46
158 47
158 62
159 3
159 4
159 5
159 6
159 7
159 8
159 39
159 40
159 56
159 57
159 58
159 59
160 3
160 4
160 5
160 6
160 7
160 8
160 44
160 45
160 46
160 47
160 81
161 3
161 4
161 5
161 6
161 7
161 8
161 39
161 40
161 62
162 3
162 4
162 5
162 6
162 7
162 8
162 39
162 40
162 125
162 56
162 57
162 58
162 59
162 129
163 3
163 4
163 5
163 6
163 7
163 8
163 123
163 56
163 57
163 58
163 59
164 3
164 4
164 5
164 6
164 7
164 8
164 31
164 33
164 39
164 40
164 66
165 3
165 4
165 5
165 6
165 7
165 8
165 60
165 61
166 3
166 4
166 5
166 6
166 7
166 8
166 37
166 67
166 68
167 3
167 4
167 5
167 6
167 7
167 8
167 73
167 41
167 42
167 56
167 57
167 58
167 59
167 62
167 70
168 3
168 4
168 5
168 6
168 7
168 8
168 31
168 37
168 44
168 45
168 46
168 47
168 48
168 49
169 3
169 4
169 5
169 6
169 7
169 8
169 44
169 45
169 46
169 47
169 56
169 57
169 58
169 59
169 62
170 3
170 4
170 5
170 6
170 7
170 8
170 73
170 62
96 3
96 4
96 5
96 6
96 7
96 8
171 3
171 4
171 5
171 6
171 7
171 8
171 31
171 37
171 41
171 42
171 67
171 68
172 3
172 4
172 5
172 6
172 7
172 8
173 3
173 4
173 5
173 6
173 7
173 8
173 31
173 37
173 67
173 68
174 3
174 4
174 5
174 6
174 7
174 8
174 38
174 62
175 3
175 4
175 5
175 6
175 7
175 8
176 3
176 4
176 5
176 6
176 7
176 8
176 31
176 34
176 37
176 41
176 42
176 62
176 67
176 68
177 3
177 4
177 5
177 6
177 7
177 8
177 73
177 118
177 39
177 40
177 123
177 56
177 57
177 58
177 59
177 62
178 3
178 4
178 5
178 6
178 7
178 8
179 3
179 4
179 5
179 6
179 7
179 8
180 3
180 4
180 5
180 6
180 7
180 8
180 73
181 3
181 4
181 5
181 6
181 7
181 8
181 73
181 56
181 57
181 58
181 59
181 62
98 3
98 4
98 5
98 6
98 7
98 8
98 62
182 3
182 4
182 5
182 6
182 7
182 8
182 76
183 3
183 4
183 5
183 6
183 7
183 8
183 124
184 3
184 4
184 5
184 6
184 7
184 8
185 3
185 4
185 5
185 6
185 7
185 8
185 128
186 3
186 4
186 5
186 6
186 7
186 8
186 124
186 62
187 3
187 4
187 5
187 6
187 7
187 8
188 3
188 4
188 5
188 6
188 7
188 8
188 44
188 45
188 46
188 47
188 129
189 3
189 4
189 5
189 6
189 7
189 8
189 44
189 45
189 46
189 47
189 62
190 3
190 4
190 5
190 6
190 7
190 8
190 44
190 45
190 46
190 47
190 56
190 57
190 58
190 59
190 62
191 3
191 4
191 5
191 6
191 7
191 8
192 3
192 4
192 5
192 6
192 7
192 8
193 3
193 4
193 5
193 6
193 7
193 8
194 3
194 4
194 5
194 6
194 7
194 8
194 123
194 62
195 3
195 4
195 5
195 6
195 7
195 8
195 62
196 3
196 4
196 5
196 6
196 7
196 8
197 3
197 4
197 5
197 6
197 7
197 8
198 3
198 4
198 5
198 6
198 7
198 8
198 73
199 3
199 4
199 5
199 6
199 7
199 8
199 31
200 3
200 4
200 5
200 6
200 7
200 8
200 41
200 42
201 3
201 4
201 5
201 6
201 7
201 8
201 62
202 3
202 4
202 5
202 6
202 7
202 8
203 3
203 4
203 5
203 6
203 7
203 8
203 39
203 40
204 3
204 4
204 5
204 6
204 7
204 8
205 3
205 4
205 5
205 6
205 7
205 8
205 122
206 3
206 4
206 5
206 6
206 7
206 8
207 3
207 4
207 5
207 6
207 7
207 8
208 3
208 4
208 5
208 6
208 7
208 8
209 3
209 4
209 5
209 6
209 7
209 8
210 3
210 4
210 5
210 6
210 7
210 8
210 34
210 211
212 3
212 4
212 5
212 6
212 7
212 8
213 3
213 4
213 5
213 6
213 7
213 8
214 3
214 4
214 5
214 6
214 7
214 8
214 62
215 3
215 4
215 5
215 6
215 7
215 8
215 37
216 3
216 4
216 5
216 6
216 7
216 8
217 3
217 4
217 5
217 6
217 7
217 8
218 3
218 4
218 5
218 6
218 7
218 8
100 101
100 62
219 76
220 83
114 73
114 118
114 37
114 48
114 49
114 62
221 73
222 73
223 33
224 34
224 130
225 37
225 67
225 68
226 37
227 92
228 120
229 39
229 40
107 43
107 62
230 77
230 62
231 232
233 125
233 62
234 235
236 127
237 56
237 57
237 58
237 59
238 56
238 57
238 58
238 59
239 56
239 57
239 58
239 59
240 62
241 62
242 62
243 62
244 62
245 62
246 66
247 67
247 68
248 67
248 68
249 70
250 136
251 137
252 157