0 1
0 2
0 3
0 4
0 5
0 6
0 7
0 8
0 9
0 10
0 11
0 12
0 13
0 14
0 15
0 16
0 17
0 18
0 19
0 20
0 21
0 22
0 23
0 24
0 25
0 26
0 27
0 28
0 29
0 30
0 31
0 32
0 33
0 34
0 35
0 36
0 37
0 38
0 39
0 40
0 41
0 42
0 43
0 44
0 45
0 46
0 47
0 48
0 49
0 50
0 51
0 52
0 53
0 54
0 55
0 56
0 57
0 58
0 59
0 60
0 61
0 62
0 63
0 64
0 65
0 66
0 67
0 68
0 69
0 70
71 1
71 2
71 72
71 3
71 4
71 5
71 6
71 7
71 8
71 9
71 10
71 11
71 12
71 13
71 14
71 15
71 16
71 17
71 18
71 19
71 20
71 21
71 22
71 23
71 24
71 25
71 26
71 27
71 28
71 29
71 30
71 31
71 73
71 35
71 36
71 39
71 40
71 41
71 42
71 44
71 45
71 46
71 47
71 56
71 57
71 58
71 59
71 60
71 61
71 62
74 1
74 2
74 3
74 4
74 5
74 6
74 7
74 8
74 39
74 40
74 48
74 49
74 56
74 57
74 58
74 59
74 62
74 66
75 1
75 2
75 3
75 4
75 5
75 6
75 7
75 8
75 76
75 33
75 77
75 56
75 57
75 58
75 59
75 60
75 61
75 62
78 1
78 2
78 72
78 3
78 4
78 5
78 6
78 7
78 8
78 73
78 77
78 60
78 61
78 62
79 1
79 2
79 3
79 4
79 5
79 6
79 7
79 8
79 80
79 32
79 41
79 42
79 77
79 81
82 1
82 2
82 83
82 56
82 57
82 58
82 59
84 1
84 2
84 3
84 4
84 5
84 6
84 7
84 8
84 34
84 35
84 36
84 43
84 44
84 45
84 46
84 47
84 48
84 49
85 1
85 2
86 3
86 4
86 5
86 6
86 7
86 8
86 87
86 77
86 62
88 3
88 4
88 5
88 6
88 7
88 8
88 56
88 57
88 58
88 59
88 62
89 3
89 4
89 5
89 6
89 7
89 8
89 39
89 40
89 52
89 53
89 54
89 55
90 3
90 4
90 5
90 6
90 7
90 8
90 31
90 44
90 45
90 46
90 47
90 51
90 62
90 67
90 68
91 3
91 4
91 5
91 6
91 7
91 8
91 92
93 3
93 4
93 5
93 6
93 7
93 8
94 3
94 4
94 5
94 6
94 7
94 8
94 62
95 3
95 4
95 5
95 6
95 7
95 8
95 62
96 3
96 4
96 5
96 6
96 7
96 8
97 3
97 4
97 5
97 6
97 7
97 8
98 3
98 4
98 5
98 6
98 7
98 8
99 3
99 4
99 5
99 6
99 7
99 8
99 80
99 48
99 49
99 60
99 61
99 62
100 101
102 30
102 44
102 45
102 46
102 47
102 62
103 76
104 31
104 37
105 73
105 56
105 57
105 58
105 59
106 41
106 42
107 43
108 44
108 45
108 46
108 47
109 44
109 45
109 46
109 47
109 110
111 44
111 45
111 46
111 47
112 48
112 49
113 48
113 49
113 52
113 53
113 54
113 55
113 56
113 57
113 58
113 59
114 48
114 49
115 56
115 57
115 58
115 59
116 70