0 1
0 2
0 72
0 3
0 4
0 5
0 6
0 7
0 8
0 30
0 87
0 76
0 31
0 73
0 33
0 118
0 34
0 37
0 38
0 39
0 40
0 121
0 41
0 42
0 43
0 44
0 45
0 46
0 47
0 123
0 48
0 49
0 77
0 124
0 50
0 51
0 127
0 52
0 53
0 54
0 55
0 56
0 57
0 58
0 59
0 60
0 61
0 62
0 63
0 64
0 65
0 66
0 67
0 68
0 81
0 131
0 132
0 70
71 1
71 2
71 72
71 3
71 4
71 5
71 6
71 7
71 8
71 9
71 10
71 11
71 12
71 13
71 14
71 15
71 16
71 17
71 18
71 19
71 20
71 21
71 22
71 23
71 24
71 25
71 26
71 27
71 28
71 29
71 30
71 80
71 31
71 73
71 34
71 35
71 36
71 37
71 39
71 40
71 41
71 42
71 44
71 45
71 46
71 47
71 123
71 48
71 49
71 77
71 50
71 52
71 53
71 54
71 55
71 56
71 57
71 58
71 59
71 60
71 61
71 62
71 63
71 64
71 65
71 66
71 67
71 68
71 81
71 70
74 1
74 2
74 3
74 4
74 5
74 6
74 7
74 8
74 76
74 31
74 73
74 37
74 39
74 40
74 41
74 42
74 44
74 45
74 46
74 47
74 123
74 48
74 49
74 77
74 56
74 57
74 58
74 59
74 62
74 66
74 70
75 1
75 2
75 3
75 4
75 5
75 6
75 7
75 8
75 76
75 73
75 37
75 41
75 42
75 44
75 45
75 46
75 47
75 125
75 50
75 56
75 57
75 58
75 59
75 62
75 67
75 68
105 1
105 2
105 3
105 4
105 5
105 6
105 7
105 8
105 73
105 118
105 119
105 37
105 120
105 110
105 56
105 57
105 58
105 59
105 62
105 66
105 67
105 68
78 1
78 2
78 3
78 4
78 5
78 6
78 7
78 8
78 76
78 31
78 73
78 33
78 118
78 34
78 37
78 39
78 40
78 41
78 42
78 44
78 45
78 46
78 47
78 123
78 77
78 50
78 51
78 56
78 57
78 58
78 59
78 60
78 61
78 62
78 66
78 131
78 132
86 1
86 2
86 72
86 3
86 4
86 5
86 6
86 7
86 8
86 31
86 35
86 36
86 39
86 40
86 44
86 45
86 46
86 47
86 126
86 62
86 67
86 68
88 1
88 2
88 3
88 4
88 5
88 6
88 7
88 8
88 48
88 49
88 77
88 56
88 57
88 58
88 59
88 60
88 61
88 62
112 1
112 2
112 3
112 4
112 5
112 6
112 7
112 8
112 73
112 62
112 67
112 68
112 131
112 132
89 1
89 2
89 72
89 3
89 4
89 5
89 6
89 7
89 8
89 31
89 39
89 40
89 123
89 52
89 53
89 54
89 55
89 56
89 57
89 58
89 59
89 62
89 66
79 1
79 2
79 3
79 4
79 5
79 6
79 7
79 8
79 80
79 34
79 121
79 41
79 42
79 44
79 45
79 46
79 47
79 77
79 56
79 57
79 58
79 59
79 62
79 81
79 133
90 1
90 2
90 3
90 4
90 5
90 6
90 7
90 8
90 31
90 33
90 37
90 39
90 40
90 44
90 45
90 46
90 47
90 51
90 56
90 57
90 58
90 59
90 62
90 67
90 68
84 1
84 2
84 3
84 4
84 5
84 6
84 7
84 8
84 73
84 37
84 39
84 40
84 41
84 42
84 44
84 45
84 46
84 47
84 77
84 56
84 57
84 58
84 59
84 62
84 66
84 67
84 68
102 1
102 2
102 3
102 4
102 5
102 6
102 7
102 8
102 31
102 39
102 40
102 56
102 57
102 58
102 59
102 62
140 1
140 2
140 3
140 4
140 5
140 6
140 7
140 8
93 1
93 2
93 72
93 3
93 4
93 5
93 6
93 7
93 8
93 87
93 76
93 32
93 34
93 37
93 38
93 39
93 40
93 121
93 41
93 42
93 44
93 45
93 46
93 47
93 48
93 49
93 77
93 62
93 81
93 133
93 211
94 1
94 2
94 3
94 4
94 5
94 6
94 7
94 8
94 41
94 42
94 44
94 45
94 46
94 47
94 62
116 1
116 2
116 3
116 4
116 5
116 6
116 7
116 8
116 34
116 41
116 42
116 123
116 56
116 57
116 58
116 59
116 62
116 70
113 1
113 2
113 48
113 49
113 56
113 57
113 58
113 59
113 62
113 66
113 67
113 68
115 1
115 2
115 3
115 4
115 5
115 6
115 7
115 8
115 31
115 123
115 60
115 61
115 62
163 1
163 2
169 1
169 2
169 50
169 60
169 61
169 62
104 3
104 4
104 5
104 6
104 7
104 8
104 31
104 34
104 37
104 41
104 42
104 124
104 56
104 57
104 58
104 59
104 62
104 67
104 68
82 3
82 4
82 5
82 6
82 7
82 8
82 87
82 83
82 56
82 57
82 58
82 59
82 62
91 3
91 4
91 5
91 6
91 7
91 8
91 92
91 44
91 45
91 46
91 47
91 56
91 57
91 58
91 59
91 62
141 3
141 4
141 5
141 6
141 7
141 8
141 39
141 40
141 44
141 45
141 46
141 47
141 62
95 3
95 4
95 5
95 6
95 7
95 8
95 62
103 3
103 4
103 5
103 6
103 7
103 8
160 3
160 4
160 5
160 6
160 7
160 8
108 3
108 4
108 5
108 6
108 7
108 8
108 39
108 40
109 3
109 4
109 5
109 6
109 7
109 8
164 3
164 4
164 5
164 6
164 7
164 8
166 3
166 4
166 5
166 6
166 7
166 8
85 3
85 4
85 5
85 6
85 7
85 8
145 3
145 4
145 5
145 6
145 7
145 8
145 41
145 42
181 3
181 4
181 5
181 6
181 7
181 8
98 3
98 4
98 5
98 6
98 7
98 8
151 3
151 4
151 5
151 6
151 7
151 8
246 3
246 4
246 5
246 6
246 7
246 8
195 3
195 4
195 5
195 6
195 7
195 8
195 56
195 57
195 58
195 59
152 3
152 4
152 5
152 6
152 7
152 8
152 48
152 49
198 3
198 4
198 5
198 6
198 7
198 8
198 73
111 3
111 4
111 5
111 6
111 7
111 8
275 3
275 4
275 5
275 6
275 7
275 8
114 73
114 118
114 35
114 36
107 43
176 77
162 125
162 129
142 126
144 56
144 57
144 58
144 59
182 56
182 57
182 58
182 59
100 56
100 57
100 58
100 59
156 62
156 67
156 68
276 62
187 62
257 62
216 62
277 62
158 66
250 136
251 137
