0 1
0 2
0 139
0 72
0 3
0 4
0 5
0 6
0 7
0 8
0 9
0 10
0 11
0 12
0 13
0 14
0 15
0 16
0 17
0 18
0 19
0 20
0 21
0 22
0 23
0 24
0 25
0 26
0 27
0 28
0 29
0 30
0 80
0 87
0 76
0 31
0 83
0 73
0 33
0 34
0 35
0 36
0 119
0 37
0 92
0 120
0 38
0 39
0 40
0 121
0 41
0 42
0 43
0 44
0 45
0 46
0 47
0 123
0 48
0 49
0 77
0 232
0 124
0 125
0 110
0 50
0 235
0 51
0 52
0 53
0 54
0 55
0 128
0 56
0 57
0 58
0 59
0 60
0 61
0 62
0 130
0 63
0 64
0 65
0 66
0 67
0 68
0 81
0 69
0 131
0 132
0 133
0 70
71 1
71 2
71 72
71 3
71 4
71 5
71 6
71 7
71 8
71 9
71 10
71 11
71 12
71 13
71 14
71 15
71 16
71 17
71 18
71 19
71 20
71 21
71 22
71 23
71 24
71 25
71 26
71 27
71 28
71 29
71 30
71 80
71 87
71 76
71 31
71 83
71 73
71 33
71 34
71 35
71 36
71 37
71 38
71 39
71 40
71 41
71 42
71 44
71 45
71 46
71 47
71 123
71 48
71 49
71 77
71 125
71 110
71 50
71 51
71 56
71 57
71 58
71 59
71 60
71 61
71 62
71 129
71 130
71 63
71 64
71 65
71 66
71 67
71 68
71 81
71 69
71 131
71 132
71 133
71 70
74 1
74 2
74 3
74 4
74 5
74 6
74 7
74 8
74 76
74 73
74 33
74 34
74 35
74 36
74 37
74 38
74 39
74 40
74 41
74 42
74 44
74 45
74 46
74 47
74 48
74 49
74 56
74 57
74 58
74 59
74 62
74 63
74 64
74 65
74 66
74 70
75 1
75 2
75 139
75 3
75 4
75 5
75 6
75 7
75 8
75 76
75 31
75 32
75 83
75 73
75 34
75 37
75 39
75 40
75 41
75 42
75 123
75 77
75 125
75 50
75 51
75 126
75 52
75 53
75 54
75 55
75 56
75 57
75 58
75 59
75 62
75 66
75 67
75 68
75 81
75 69
105 1
105 2
105 3
105 4
105 5
105 6
105 7
105 8
105 76
105 83
105 73
105 118
105 34
105 119
105 37
105 120
105 39
105 40
105 121
105 41
105 42
105 48
105 49
105 110
105 51
105 62
105 136
105 138
78 1
78 2
78 72
78 3
78 4
78 5
78 6
78 7
78 8
78 76
78 31
78 83
78 73
78 34
78 37
78 92
78 39
78 40
78 41
78 42
78 123
78 48
78 49
78 77
78 51
78 126
78 56
78 57
78 58
78 59
78 62
78 63
78 64
78 65
78 66
78 67
78 68
78 131
78 132
78 157
86 1
86 2
86 3
86 4
86 5
86 6
86 7
86 8
86 31
86 35
86 36
86 37
86 39
86 40
86 41
86 42
86 123
86 77
86 128
86 56
86 57
86 58
86 59
86 62
86 67
86 68
112 1
112 2
112 3
112 4
112 5
112 6
112 7
112 8
112 73
112 39
112 40
112 77
112 50
112 51
112 62
112 69
112 131
112 132
89 1
89 2
89 3
89 4
89 5
89 6
89 7
89 8
89 76
89 31
89 34
89 39
89 40
89 41
89 42
89 77
89 52
89 53
89 54
89 55
89 62
89 66
89 69
79 1
79 2
79 3
79 4
79 5
79 6
79 7
79 8
79 80
79 76
79 32
79 117
79 34
79 39
79 40
79 121
79 41
79 42
79 77
79 232
79 56
79 57
79 58
79 59
79 62
79 81
79 133
82 1
82 2
82 3
82 4
82 5
82 6
82 7
82 8
82 87
82 83
82 34
82 37
82 120
82 41
82 42
82 44
82 45
82 46
82 47
82 56
82 57
82 58
82 59
82 62
82 66
90 1
90 2
90 139
90 3
90 4
90 5
90 6
90 7
90 8
90 76
90 31
90 37
90 39
90 40
90 41
90 42
90 44
90 45
90 46
90 47
90 62
90 67
90 68
90 81
91 1
91 2
91 3
91 4
91 5
91 6
91 7
91 8
91 76
91 31
91 73
91 92
91 44
91 45
91 46
91 47
91 125
91 56
91 57
91 58
91 59
91 62
91 67
91 68
84 1
84 2
84 72
84 3
84 4
84 5
84 6
84 7
84 8
84 73
84 34
84 39
84 40
84 41
84 42
84 43
84 44
84 45
84 46
84 47
84 62
102 1
102 2
102 3
102 4
102 5
102 6
102 7
102 8
102 30
102 76
102 31
102 32
102 34
102 39
102 40
102 41
102 42
102 123
102 77
102 50
102 51
102 56
102 57
102 58
102 59
102 62
102 63
102 64
102 65
102 66
102 81
102 69
93 1
93 2
93 3
93 4
93 5
93 6
93 7
93 8
93 39
93 40
93 77
93 50
93 62
94 1
94 2
94 3
94 4
94 5
94 6
94 7
94 8
94 76
94 41
94 42
94 62
94 66
116 1
116 2
116 41
116 42
116 123
116 62
116 70
95 1
95 2
95 139
95 3
95 4
95 5
95 6
95 7
95 8
95 32
95 33
95 39
95 40
95 41
95 42
95 128
95 60
95 61
95 62
95 67
95 68
95 81
115 1
115 2
115 139
115 3
115 4
115 5
115 6
115 7
115 8
115 76
115 31
115 37
115 77
115 125
115 62
115 67
115 68
161 1
161 2
161 3
161 4
161 5
161 6
161 7
161 8
161 39
161 40
161 41
161 42
161 62
165 1
165 2
165 3
165 4
165 5
165 6
165 7
165 8
169 1
169 2
169 3
169 4
169 5
169 6
169 7
169 8
169 62
177 1
177 2
177 3
177 4
177 5
177 6
177 7
177 8
177 66
200 1
200 2
200 3
200 4
200 5
200 6
200 7
200 8
253 1
253 2
254 1
254 2
255 1
255 2
104 139
104 3
104 4
104 5
104 6
104 7
104 8
104 31
104 37
104 44
104 45
104 46
104 47
104 77
104 56
104 57
104 58
104 59
104 60
104 61
104 62
104 67
104 68
104 81
225 139
225 37
225 67
225 68
225 81
173 139
173 81
247 139
247 62
88 3
88 4
88 5
88 6
88 7
88 8
88 73
88 34
88 39
88 40
88 41
88 42
88 44
88 45
88 46
88 47
88 56
88 57
88 58
88 59
88 62
88 67
88 68
140 3
140 4
140 5
140 6
140 7
140 8
140 41
140 42
140 62
141 3
141 4
141 5
141 6
141 7
141 8
141 39
141 40
141 41
141 42
141 56
141 57
141 58
141 59
141 66
142 3
142 4
142 5
142 6
142 7
142 8
142 126
142 67
142 68
113 3
113 4
113 5
113 6
113 7
113 8
113 31
113 73
113 39
113 40
113 48
113 49
113 56
113 57
113 58
113 59
113 62
113 63
113 64
113 65
103 3
103 4
103 5
103 6
103 7
103 8
103 56
103 57
103 58
103 59
156 3
156 4
156 5
156 6
156 7
156 8
156 157
159 3
159 4
159 5
159 6
159 7
159 8
159 34
159 62
160 3
160 4
160 5
160 6
160 7
160 8
160 39
160 40
160 62
106 3
106 4
106 5
106 6
106 7
106 8
108 3
108 4
108 5
108 6
108 7
108 8
108 31
108 62
109 3
109 4
109 5
109 6
109 7
109 8
109 44
109 45
109 46
109 47
109 110
109 62
162 3
162 4
162 5
162 6
162 7
162 8
162 44
162 45
162 46
162 47
162 125
162 62
162 129
162 67
162 68
144 3
144 4
144 5
144 6
144 7
144 8
144 62
163 3
163 4
163 5
163 6
163 7
163 8
163 39
163 40
164 3
164 4
164 5
164 6
164 7
164 8
164 76
164 77
164 62
167 3
167 4
167 5
167 6
167 7
167 8
168 3
168 4
168 5
168 6
168 7
168 8
85 3
85 4
85 5
85 6
85 7
85 8
85 44
85 45
85 46
85 47
85 77
85 66
170 3
170 4
170 5
170 6
170 7
170 8
96 3
96 4
96 5
96 6
96 7
96 8
96 87
96 62
171 3
171 4
171 5
171 6
171 7
171 8
171 76
171 31
171 37
171 62
171 67
171 68
145 3
145 4
145 5
145 6
145 7
145 8
145 73
172 3
172 4
172 5
172 6
172 7
172 8
172 44
172 45
172 46
172 47
172 62
146 3
146 4
146 5
146 6
146 7
146 8
146 76
97 3
97 4
97 5
97 6
97 7
97 8
178 3
178 4
178 5
178 6
178 7
178 8
181 3
181 4
181 5
181 6
181 7
181 8
149 3
149 4
149 5
149 6
149 7
149 8
256 3
256 4
256 5
256 6
256 7
256 8
183 3
183 4
183 5
183 6
183 7
183 8
184 3
184 4
184 5
184 6
184 7
184 8
184 41
184 42
107 3
107 4
107 5
107 6
107 7
107 8
107 43
107 62
185 3
185 4
185 5
185 6
185 7
185 8
185 77
185 62
186 3
186 4
186 5
186 6
186 7
186 8
186 124
233 3
233 4
233 5
233 6
233 7
233 8
191 3
191 4
191 5
191 6
191 7
191 8
246 3
246 4
246 5
246 6
246 7
246 8
257 3
257 4
257 5
257 6
257 7
257 8
197 3
197 4
197 5
197 6
197 7
197 8
258 3
258 4
258 5
258 6
258 7
258 8
259 3
259 4
259 5
259 6
259 7
259 8
259 62
242 3
242 4
242 5
242 6
242 7
242 8
260 3
260 4
260 5
260 6
260 7
260 8
204 3
204 4
204 5
204 6
204 7
204 8
204 44
204 45
204 46
204 47
261 3
261 4
261 5
261 6
261 7
261 8
262 3
262 4
262 5
262 6
262 7
262 8
263 3
263 4
263 5
263 6
263 7
263 8
264 3
264 4
264 5
264 6
264 7
264 8
264 56
264 57
264 58
264 59
265 3
265 4
265 5
265 6
265 7
265 8
100 101
238 87
266 76
176 31
176 34
176 67
176 68
226 31
267 83
268 83
114 73
114 37
114 62
180 73
269 73
98 34
98 44
98 45
98 46
98 47
98 62
98 67
98 68
179 37
228 120
158 39
158 40
158 44
158 45
158 46
158 47
175 41
175 42
270 41
270 42
271 41
271 42
231 232
236 127
143 56
143 57
143 58
143 59
182 60
182 61
182 62
155 62
272 62
273 62
224 130
166 67
166 68
274 67
274 68
250 136
210 211
