HDA (16, [[0], [71], [75], [74], [84], [78], [90], [89], [79], [113], [88], [86], [94], [82], [91], [95]])
EMD1step (15, [[0.0], [71.0], [74.0], [90.0], [89.0], [75.0], [78.0], [84.0], [79.0], [82.0], [113.0], [88.0], [86.0], [94.0], [95.0]])
EMD (16, [[0.0], [71.0], [74.0], [75.0], [78.0], [89.0], [90.0], [84.0], [79.0], [113.0], [82.0], [88.0], [86.0], [94.0], [108.0], [109.0]])
DCI (17, [[0.0], [71.0], [74.0], [75.0], [4.0], [5.0], [6.0], [3.0], [8.0], [7.0], [62.0], [113.0], [84.0], [82.0], [79.0], [90.0], [78.0]])
DCIz (16, [[0.0], [71.0], [74.0], [75.0], [4.0], [7.0], [8.0], [5.0], [6.0], [3.0], [62.0], [84.0], [113.0], [82.0], [79.0], [78.0]])
kcore-EMD1step (14, [[0], [71], [74], [90], [89], [75], [78], [84], [79], [88], [86], [94], [95], [113]])
kcore-EMD (14, [[0], [71], [74], [75], [78], [89], [90], [84], [79], [88], [86], [94], [95], [113]])
kcore-DCI (17, [[0], [71], [74], [75], [3], [4], [5], [6], [7], [8], [84], [90], [82], [113], [62], [79], [105]])
kcore-DCIz (17, [[0], [71], [74], [75], [3], [4], [5], [6], [7], [8], [84], [90], [82], [113], [62], [105], [79]])
CoreHD-EMD1step (18, [[0], [71], [74], [75], [84], [78], [90], [89], [79], [3], [4], [5], [6], [7], [113], [8], [82], [88]])
CoreHD-EMD (20, [[0], [71], [74], [75], [84], [78], [90], [89], [79], [88], [86], [94], [113], [3], [4], [5], [6], [7], [82], [108]])
CoreHD-DCI (18, [[0], [71], [74], [75], [84], [78], [90], [89], [79], [88], [3], [4], [5], [6], [7], [113], [82], [8]])
CoreHD-DCIz (18, [[0], [71], [74], [75], [84], [78], [90], [89], [79], [88], [3], [4], [5], [6], [7], [113], [82], [8]])
CI2-EMD1step (18, [[0], [71], [74], [75], [84], [78], [90], [89], [79], [3], [4], [5], [6], [7], [113], [8], [82], [62]])
CI2-EMD (20, [[0], [71], [74], [75], [84], [78], [90], [89], [79], [88], [86], [94], [113], [3], [4], [5], [6], [82], [7], [8]])
CI2-DCI (17, [[0], [71], [74], [75], [84], [78], [90], [89], [79], [88], [3], [4], [5], [6], [113], [7], [8]])
CI2-DCIz (20, [[0], [71], [74], [75], [84], [78], [90], [89], [79], [88], [86], [94], [3], [113], [4], [5], [6], [82], [7], [8]])
BPD-EMD1step (19, [[0], [71], [90], [74], [4], [75], [89], [78], [84], [82], [7], [113], [3], [88], [8], [102], [115], [6], [79]])
BPD-EMD (19, [[0], [71], [90], [74], [4], [75], [89], [78], [84], [82], [7], [113], [3], [88], [8], [102], [115], [6], [79]])
BPD-DCI (20, [[0], [71], [90], [74], [4], [75], [3], [7], [84], [5], [62], [79], [82], [78], [115], [88], [113], [6], [108], [8]])
BPD-DCIz (20, [[0], [71], [90], [74], [4], [75], [3], [7], [84], [5], [62], [79], [82], [78], [115], [88], [113], [6], [108], [8]])
CoreHD - CoreHD (18, [[0], [71], [74], [75], [84], [78], [90], [89], [3], [4], [5], [6], [7], [82], [62], [79], [113], [88]])
CI2 - CI2 (18, [[0], [71], [74], [75], [84], [78], [90], [89], [79], [3], [4], [5], [6], [7], [113], [8], [82], [102]])
BPD - BPD (25, [[0], [71], [90], [109], [82], [103], [113], [74], [84], [75], [6], [2], [1], [89], [3], [78], [97], [79], [8], [115], [4], [5], [105], [108], [62]])
