HDA (28, [[71], [0], [5], [3], [4], [7], [8], [6], [78], [74], [62], [84], [75], [93], [89], [90], [79], [105], [86], [88], [104], [113], [94], [102], [91], [82], [116], [112]])
EMD1step (28, [[71.0], [0.0], [8.0], [3.0], [7.0], [5.0], [6.0], [4.0], [62.0], [78.0], [74.0], [84.0], [89.0], [93.0], [90.0], [75.0], [79.0], [105.0], [104.0], [86.0], [94.0], [82.0], [102.0], [113.0], [88.0], [91.0], [116.0], [112.0]])
EMD (28, [[71.0], [0.0], [8.0], [7.0], [3.0], [4.0], [5.0], [6.0], [62.0], [78.0], [74.0], [84.0], [89.0], [93.0], [90.0], [75.0], [79.0], [105.0], [86.0], [104.0], [94.0], [82.0], [102.0], [113.0], [88.0], [116.0], [91.0], [112.0]])
DCI (28, [[71.0], [0.0], [3.0], [5.0], [6.0], [8.0], [7.0], [4.0], [78.0], [62.0], [74.0], [84.0], [90.0], [1.0], [2.0], [75.0], [79.0], [89.0], [93.0], [105.0], [104.0], [86.0], [113.0], [102.0], [91.0], [88.0], [82.0], [94.0]])
DCIz (28, [[71.0], [0.0], [6.0], [4.0], [8.0], [7.0], [3.0], [5.0], [78.0], [62.0], [74.0], [84.0], [90.0], [75.0], [2.0], [1.0], [79.0], [89.0], [93.0], [105.0], [104.0], [86.0], [113.0], [102.0], [91.0], [88.0], [82.0], [94.0]])
kcore-EMD1step (29, [[71], [0], [3], [4], [5], [6], [7], [8], [62], [78], [74], [84], [89], [93], [90], [75], [79], [105], [104], [86], [102], [113], [82], [88], [94], [91], [115], [156], [116]])
kcore-EMD (28, [[71], [0], [3], [4], [5], [6], [7], [8], [62], [78], [74], [84], [89], [93], [90], [75], [79], [105], [86], [104], [1], [2], [113], [82], [91], [88], [94], [102]])
kcore-DCI (28, [[71], [0], [3], [4], [5], [6], [7], [8], [78], [62], [74], [84], [90], [1], [2], [75], [79], [89], [93], [105], [104], [86], [113], [102], [91], [88], [82], [94]])
kcore-DCIz (28, [[71], [0], [3], [4], [5], [6], [7], [8], [78], [62], [74], [84], [90], [75], [1], [2], [79], [89], [93], [105], [104], [86], [113], [102], [91], [88], [82], [94]])
CoreHD-EMD1step (28, [[71], [0], [3], [4], [5], [6], [7], [8], [78], [74], [62], [84], [75], [90], [93], [89], [79], [86], [105], [104], [94], [102], [113], [88], [91], [82], [116], [112]])
CoreHD-EMD (28, [[71], [0], [3], [4], [5], [6], [7], [8], [78], [74], [62], [84], [75], [90], [93], [89], [79], [86], [105], [104], [94], [102], [113], [88], [91], [115], [82], [116]])
CoreHD-DCI (28, [[71], [0], [3], [4], [5], [6], [7], [8], [78], [74], [62], [84], [75], [90], [93], [89], [79], [86], [105], [102], [104], [94], [88], [113], [91], [82], [116], [112]])
CoreHD-DCIz (28, [[71], [0], [3], [4], [5], [6], [7], [8], [78], [74], [62], [84], [75], [90], [93], [89], [79], [86], [105], [102], [104], [94], [88], [113], [91], [82], [116], [112]])
CI2-EMD1step (28, [[3], [71], [0], [4], [5], [6], [7], [8], [78], [74], [62], [84], [75], [90], [79], [89], [93], [105], [86], [88], [104], [102], [113], [94], [91], [82], [116], [112]])
CI2-EMD (28, [[3], [71], [0], [4], [5], [6], [7], [8], [78], [74], [62], [84], [75], [90], [79], [89], [93], [105], [86], [88], [104], [102], [113], [94], [91], [82], [116], [112]])
CI2-DCI (28, [[71], [0], [3], [4], [5], [6], [7], [8], [78], [74], [62], [84], [75], [90], [79], [89], [93], [105], [86], [88], [102], [104], [113], [94], [91], [82], [116], [112]])
CI2-DCIz (28, [[71], [0], [3], [4], [5], [6], [7], [8], [78], [74], [62], [84], [75], [90], [79], [89], [93], [105], [86], [88], [102], [104], [113], [94], [91], [82], [116], [112]])
BPD-EMD1step (30, [[74], [71], [0], [78], [6], [4], [112], [89], [3], [2], [75], [56], [94], [5], [79], [93], [62], [84], [86], [88], [90], [7], [8], [104], [102], [91], [105], [115], [82], [113]])
BPD-EMD (29, [[74], [71], [0], [78], [6], [4], [112], [89], [3], [2], [75], [56], [94], [5], [79], [93], [62], [84], [86], [88], [90], [7], [8], [104], [102], [113], [105], [91], [82]])
BPD-DCI (29, [[74], [71], [0], [78], [6], [4], [112], [89], [3], [2], [75], [88], [84], [5], [79], [8], [7], [86], [113], [62], [90], [105], [104], [93], [102], [91], [82], [94], [116]])
BPD-DCIz (29, [[74], [71], [0], [78], [6], [4], [112], [89], [3], [2], [75], [88], [84], [5], [79], [8], [7], [86], [113], [62], [90], [105], [104], [93], [102], [91], [82], [94], [116]])
CoreHD - CoreHD (28, [[71], [0], [3], [4], [5], [6], [7], [8], [78], [74], [62], [84], [75], [90], [93], [89], [79], [86], [105], [94], [102], [88], [104], [113], [91], [115], [82], [116]])
CI2 - CI2 (28, [[3], [71], [0], [4], [5], [6], [7], [8], [78], [74], [84], [62], [75], [90], [79], [89], [93], [105], [86], [88], [102], [104], [113], [94], [91], [82], [116], [112]])
BPD - BPD (37, [[74], [7], [5], [0], [89], [71], [78], [88], [84], [105], [93], [113], [156], [169], [90], [56], [8], [79], [3], [141], [75], [58], [86], [82], [94], [62], [91], [104], [85], [115], [6], [2], [59], [102], [4], [41], [145]])
