HDA (36, [[3], [71], [0], [8], [4], [6], [7], [5], [62], [75], [78], [74], [102], [105], [79], [89], [90], [86], [84], [82], [104], [88], [113], [91], [1], [2], [95], [115], [141], [39], [40], [94], [73], [67], [68], [85]])
EMD1step (35, [[0.0], [71.0], [6.0], [8.0], [4.0], [7.0], [5.0], [3.0], [62.0], [75.0], [78.0], [74.0], [1.0], [2.0], [102.0], [105.0], [89.0], [79.0], [86.0], [113.0], [90.0], [104.0], [82.0], [88.0], [91.0], [84.0], [141.0], [40.0], [39.0], [115.0], [94.0], [31.0], [73.0], [67.0], [68.0]])
EMD (35, [[0.0], [71.0], [6.0], [4.0], [8.0], [3.0], [5.0], [7.0], [62.0], [78.0], [75.0], [74.0], [102.0], [105.0], [89.0], [79.0], [90.0], [86.0], [84.0], [82.0], [104.0], [113.0], [88.0], [91.0], [2.0], [1.0], [141.0], [40.0], [39.0], [115.0], [94.0], [116.0], [93.0], [68.0], [67.0]])
DCI (38, [[71.0], [0.0], [3.0], [6.0], [8.0], [7.0], [4.0], [5.0], [62.0], [75.0], [78.0], [74.0], [1.0], [2.0], [40.0], [39.0], [102.0], [86.0], [82.0], [90.0], [79.0], [104.0], [88.0], [113.0], [105.0], [91.0], [89.0], [84.0], [115.0], [141.0], [67.0], [68.0], [85.0], [41.0], [42.0], [73.0], [109.0], [171.0]])
DCIz (35, [[71.0], [0.0], [6.0], [5.0], [4.0], [8.0], [3.0], [7.0], [62.0], [75.0], [78.0], [74.0], [1.0], [2.0], [40.0], [39.0], [102.0], [86.0], [82.0], [90.0], [79.0], [104.0], [88.0], [113.0], [105.0], [91.0], [89.0], [84.0], [115.0], [141.0], [68.0], [94.0], [67.0], [85.0], [37.0]])
kcore-EMD1step (36, [[0], [71], [3], [4], [5], [6], [7], [8], [62], [75], [78], [74], [1], [2], [102], [39], [40], [82], [79], [105], [113], [86], [104], [90], [89], [88], [91], [84], [115], [85], [103], [141], [94], [67], [68], [37]])
kcore-EMD (35, [[0], [71], [3], [4], [5], [6], [7], [8], [62], [78], [75], [74], [102], [105], [89], [79], [90], [86], [84], [82], [104], [88], [113], [91], [1], [2], [141], [39], [40], [115], [94], [73], [67], [68], [85]])
kcore-DCI (38, [[71], [0], [3], [4], [5], [6], [7], [8], [62], [75], [78], [74], [1], [2], [39], [40], [102], [86], [82], [90], [79], [104], [88], [113], [105], [91], [84], [89], [115], [85], [67], [141], [68], [41], [42], [73], [109], [171]])
kcore-DCIz (35, [[71], [0], [3], [4], [5], [6], [7], [8], [62], [75], [78], [74], [1], [2], [39], [40], [102], [86], [82], [90], [79], [104], [88], [113], [105], [91], [84], [89], [115], [85], [67], [141], [68], [94], [37]])
CoreHD-EMD1step (37, [[3], [71], [0], [4], [5], [6], [7], [8], [62], [75], [78], [74], [1], [2], [39], [40], [82], [102], [90], [86], [79], [104], [84], [105], [88], [89], [91], [113], [115], [95], [141], [94], [67], [85], [37], [109], [68]])
CoreHD-EMD (37, [[3], [0], [71], [4], [5], [6], [7], [8], [62], [75], [78], [74], [1], [2], [39], [40], [82], [102], [90], [86], [79], [104], [113], [88], [84], [105], [89], [91], [115], [95], [141], [94], [67], [37], [85], [109], [68]])
CoreHD-DCI (36, [[71], [0], [3], [4], [5], [6], [7], [8], [62], [75], [78], [74], [1], [2], [39], [40], [82], [102], [90], [86], [79], [104], [88], [113], [84], [105], [91], [89], [115], [67], [141], [94], [68], [85], [109], [37]])
CoreHD-DCIz (37, [[71], [0], [3], [4], [5], [6], [7], [8], [62], [75], [78], [74], [1], [2], [39], [40], [82], [102], [90], [86], [79], [104], [88], [84], [105], [89], [91], [113], [115], [95], [141], [67], [94], [85], [68], [109], [37]])
CI2-EMD1step (36, [[3], [71], [4], [5], [0], [6], [7], [8], [62], [78], [75], [74], [1], [2], [102], [39], [82], [40], [90], [86], [79], [105], [104], [88], [89], [84], [91], [113], [115], [95], [85], [94], [67], [141], [68], [37]])
CI2-EMD (37, [[3], [71], [4], [5], [0], [6], [7], [8], [62], [78], [75], [74], [1], [2], [102], [39], [82], [40], [90], [86], [79], [105], [104], [89], [88], [84], [91], [113], [115], [95], [85], [67], [141], [68], [73], [37], [116]])
CI2-DCI (37, [[3], [71], [4], [5], [0], [6], [7], [8], [62], [78], [75], [74], [1], [2], [39], [40], [82], [102], [90], [86], [79], [105], [104], [88], [89], [84], [91], [113], [115], [95], [85], [67], [141], [68], [73], [31], [116]])
CI2-DCIz (37, [[3], [71], [4], [5], [0], [6], [7], [8], [62], [78], [75], [74], [1], [2], [39], [40], [82], [102], [90], [86], [79], [105], [104], [88], [89], [84], [91], [113], [115], [95], [85], [67], [141], [68], [73], [31], [116]])
BPD-EMD1step (40, [[8], [4], [7], [71], [5], [6], [62], [102], [1], [0], [56], [3], [75], [59], [2], [78], [74], [89], [90], [40], [105], [84], [82], [86], [113], [91], [104], [79], [67], [31], [68], [37], [58], [39], [41], [85], [42], [57], [109], [73]])
BPD-EMD (40, [[8], [4], [7], [71], [5], [6], [62], [102], [1], [0], [56], [3], [75], [59], [2], [78], [74], [89], [90], [40], [105], [84], [82], [86], [113], [91], [104], [79], [67], [31], [68], [37], [58], [39], [41], [85], [42], [57], [109], [73]])
BPD-DCI (39, [[8], [4], [7], [71], [5], [6], [62], [102], [1], [0], [56], [3], [75], [42], [78], [74], [58], [40], [90], [59], [41], [57], [89], [37], [86], [39], [73], [2], [68], [67], [45], [44], [105], [47], [104], [79], [31], [77], [46]])
BPD-DCIz (39, [[8], [4], [7], [71], [5], [6], [62], [102], [1], [0], [56], [3], [75], [42], [78], [74], [58], [40], [90], [59], [41], [57], [89], [37], [86], [39], [73], [2], [68], [67], [45], [44], [47], [105], [104], [79], [31], [77], [46]])
CoreHD - CoreHD (37, [[3], [71], [0], [4], [5], [6], [7], [8], [62], [75], [78], [74], [1], [2], [39], [40], [82], [102], [90], [86], [79], [88], [104], [84], [105], [89], [91], [115], [113], [95], [85], [94], [67], [141], [37], [109], [31]])
CI2 - CI2 (36, [[3], [71], [4], [5], [6], [0], [7], [8], [62], [78], [75], [74], [1], [2], [102], [82], [90], [86], [79], [105], [84], [88], [89], [104], [113], [91], [95], [115], [39], [40], [85], [67], [94], [141], [68], [37]])
BPD - BPD (39, [[8], [37], [40], [45], [71], [5], [1], [7], [62], [0], [2], [4], [6], [78], [73], [42], [3], [39], [75], [82], [76], [31], [59], [84], [74], [44], [46], [67], [47], [58], [41], [77], [56], [68], [102], [57], [95], [105], [81]])
