HDA (14, [[0], [71], [74], [84], [75], [78], [90], [79], [89], [88], [86], [91], [94], [93]])
EMD1step (14, [[0.0], [71.0], [74.0], [90.0], [78.0], [79.0], [75.0], [84.0], [89.0], [88.0], [86.0], [91.0], [94.0], [93.0]])
EMD (14, [[0.0], [71.0], [74.0], [90.0], [78.0], [75.0], [79.0], [84.0], [89.0], [88.0], [86.0], [91.0], [94.0], [93.0]])
DCI (14, [[0.0], [71.0], [74.0], [75.0], [90.0], [84.0], [78.0], [79.0], [88.0], [89.0], [86.0], [94.0], [91.0], [93.0]])
DCIz (14, [[0.0], [71.0], [74.0], [75.0], [90.0], [84.0], [78.0], [79.0], [88.0], [89.0], [86.0], [94.0], [91.0], [93.0]])
kcore-EMD1step (14, [[0], [71], [74], [90], [78], [79], [75], [84], [89], [88], [86], [91], [94], [93]])
kcore-EMD (14, [[0], [71], [74], [90], [78], [75], [79], [84], [89], [88], [86], [91], [94], [93]])
kcore-DCI (14, [[0], [71], [74], [75], [90], [84], [78], [79], [88], [89], [86], [94], [91], [93]])
kcore-DCIz (14, [[0], [71], [74], [75], [90], [84], [78], [79], [88], [89], [86], [94], [91], [93]])
CoreHD-EMD1step (14, [[0], [71], [74], [78], [84], [75], [90], [79], [89], [88], [86], [94], [91], [93]])
CoreHD-EMD (14, [[0], [71], [74], [78], [75], [84], [90], [79], [89], [88], [86], [94], [91], [93]])
CoreHD-DCI (14, [[0], [71], [74], [75], [84], [78], [90], [79], [88], [89], [86], [94], [91], [95]])
CoreHD-DCIz (14, [[0], [71], [74], [75], [84], [78], [90], [79], [88], [89], [86], [94], [91], [93]])
CI2-EMD1step (14, [[0], [71], [74], [84], [75], [78], [90], [79], [89], [88], [86], [91], [94], [93]])
CI2-EMD (14, [[0], [71], [74], [84], [75], [78], [90], [79], [89], [88], [86], [91], [94], [93]])
CI2-DCI (14, [[0], [71], [74], [84], [75], [78], [90], [79], [89], [88], [86], [91], [94], [93]])
CI2-DCIz (14, [[0], [71], [74], [84], [75], [78], [90], [79], [89], [88], [86], [91], [94], [93]])
BPD-EMD1step (11, [[0], [71], [74], [102], [90], [79], [78], [75], [88], [89], [84]])
BPD-EMD (15, [[0], [71], [74], [102], [90], [75], [91], [93], [86], [79], [84], [88], [78], [115], [89]])
BPD-DCI (14, [[0], [71], [74], [90], [84], [75], [95], [98], [88], [93], [79], [78], [89], [102]])
BPD-DCIz (14, [[0], [71], [74], [90], [84], [75], [95], [98], [88], [93], [79], [78], [89], [102]])
CoreHD - CoreHD (14, [[0], [71], [74], [78], [84], [75], [90], [79], [88], [89], [86], [94], [91], [95]])
CI2 - CI2 (14, [[0], [71], [74], [84], [75], [78], [90], [79], [89], [88], [86], [91], [94], [93]])
BPD - BPD (17, [[0], [75], [90], [71], [95], [115], [86], [84], [88], [93], [89], [78], [111], [74], [94], [82], [79]])
