HDA (15, [[0], [71], [75], [74], [78], [84], [90], [79], [88], [89], [91], [86], [109], [94], [95]])
EMD1step (16, [[0.0], [71.0], [74.0], [75.0], [90.0], [84.0], [79.0], [78.0], [89.0], [88.0], [91.0], [86.0], [82.0], [109.0], [94.0], [95.0]])
EMD (15, [[0.0], [71.0], [74.0], [75.0], [78.0], [79.0], [84.0], [90.0], [89.0], [82.0], [88.0], [91.0], [109.0], [86.0], [98.0]])
DCI (15, [[0.0], [71.0], [74.0], [75.0], [7.0], [8.0], [3.0], [6.0], [4.0], [5.0], [62.0], [84.0], [79.0], [82.0], [113.0]])
DCIz (15, [[0.0], [71.0], [74.0], [75.0], [6.0], [4.0], [7.0], [8.0], [3.0], [5.0], [62.0], [84.0], [79.0], [82.0], [113.0]])
kcore-EMD1step (14, [[0], [71], [74], [75], [90], [84], [79], [78], [89], [86], [91], [88], [94], [95]])
kcore-EMD (14, [[0], [71], [74], [75], [78], [79], [84], [90], [89], [86], [91], [88], [94], [95]])
kcore-DCI (16, [[0], [71], [74], [75], [3], [4], [5], [6], [7], [8], [62], [84], [82], [113], [90], [79]])
kcore-DCIz (16, [[0], [71], [74], [75], [3], [4], [5], [6], [7], [8], [62], [84], [82], [113], [90], [79]])
CoreHD-EMD1step (17, [[0], [71], [74], [75], [78], [84], [90], [79], [88], [3], [4], [5], [6], [7], [82], [113], [8]])
CoreHD-EMD (17, [[0], [71], [75], [74], [78], [84], [90], [79], [88], [3], [4], [5], [6], [7], [82], [113], [8]])
CoreHD-DCI (15, [[0], [71], [74], [75], [3], [4], [5], [6], [7], [8], [84], [62], [113], [82], [79]])
CoreHD-DCIz (15, [[0], [71], [74], [75], [3], [4], [5], [6], [7], [8], [62], [84], [113], [82], [79]])
CI2-EMD1step (16, [[0], [71], [75], [74], [78], [90], [84], [79], [88], [89], [3], [4], [5], [6], [7], [8]])
CI2-EMD (17, [[0], [71], [75], [74], [3], [4], [5], [6], [7], [8], [84], [78], [90], [82], [79], [113], [88]])
CI2-DCI (17, [[0], [71], [74], [75], [3], [4], [5], [6], [7], [8], [84], [78], [90], [82], [79], [113], [88]])
CI2-DCIz (17, [[0], [71], [75], [74], [3], [4], [5], [6], [7], [8], [84], [78], [90], [82], [79], [113], [88]])
BPD-EMD1step (19, [[0], [71], [90], [74], [4], [75], [7], [6], [84], [105], [8], [3], [113], [62], [79], [82], [78], [88], [5]])
BPD-EMD (19, [[0], [71], [90], [74], [4], [75], [7], [6], [84], [105], [8], [3], [113], [62], [79], [82], [78], [88], [5]])
BPD-DCI (17, [[0], [71], [90], [74], [4], [75], [7], [6], [5], [78], [79], [84], [8], [82], [3], [113], [88]])
BPD-DCIz (17, [[0], [71], [90], [74], [4], [75], [7], [6], [5], [78], [79], [84], [8], [82], [3], [113], [88]])
CoreHD - CoreHD (17, [[0], [71], [75], [74], [3], [4], [5], [6], [7], [8], [84], [113], [82], [78], [88], [90], [102]])
CI2 - CI2 (17, [[0], [71], [75], [74], [3], [4], [5], [6], [7], [8], [84], [78], [90], [82], [113], [79], [88]])
BPD - BPD (21, [[0], [71], [105], [8], [74], [82], [84], [104], [3], [113], [5], [88], [86], [7], [90], [75], [102], [6], [78], [79], [4]])
