HDA (27, [[71], [0], [78], [5], [3], [6], [4], [8], [7], [74], [75], [62], [79], [105], [90], [86], [84], [89], [88], [104], [102], [91], [113], [82], [116], [112], [93]])
EMD1step (26, [[71.0], [0.0], [78.0], [4.0], [5.0], [6.0], [7.0], [3.0], [8.0], [62.0], [74.0], [75.0], [79.0], [84.0], [105.0], [90.0], [86.0], [89.0], [104.0], [93.0], [102.0], [91.0], [88.0], [82.0], [113.0], [112.0]])
EMD (26, [[71.0], [0.0], [78.0], [8.0], [6.0], [4.0], [7.0], [5.0], [3.0], [62.0], [74.0], [75.0], [79.0], [84.0], [86.0], [105.0], [90.0], [89.0], [102.0], [104.0], [93.0], [91.0], [113.0], [82.0], [88.0], [112.0]])
DCI (27, [[71.0], [0.0], [4.0], [6.0], [3.0], [8.0], [7.0], [5.0], [62.0], [78.0], [74.0], [75.0], [1.0], [2.0], [79.0], [90.0], [84.0], [104.0], [86.0], [91.0], [89.0], [102.0], [105.0], [88.0], [82.0], [113.0], [93.0]])
DCIz (27, [[71.0], [0.0], [3.0], [4.0], [5.0], [8.0], [6.0], [7.0], [62.0], [78.0], [74.0], [75.0], [2.0], [1.0], [79.0], [90.0], [84.0], [104.0], [86.0], [56.0], [58.0], [59.0], [57.0], [89.0], [105.0], [93.0], [102.0]])
kcore-EMD1step (26, [[71], [0], [78], [3], [4], [5], [6], [7], [8], [62], [74], [75], [79], [84], [105], [90], [86], [89], [104], [93], [102], [91], [88], [82], [113], [112]])
kcore-EMD (26, [[71], [0], [78], [3], [4], [5], [6], [7], [8], [62], [74], [75], [79], [84], [86], [105], [90], [89], [102], [104], [93], [91], [113], [82], [88], [112]])
kcore-DCI (27, [[71], [0], [3], [4], [5], [6], [7], [8], [62], [78], [74], [75], [1], [2], [79], [90], [84], [104], [86], [56], [57], [58], [59], [89], [93], [105], [102]])
kcore-DCIz (28, [[71], [0], [3], [4], [5], [6], [7], [8], [62], [78], [74], [75], [1], [2], [79], [90], [84], [104], [86], [56], [57], [58], [59], [93], [89], [73], [141], [102]])
CoreHD-EMD1step (28, [[0], [71], [78], [3], [4], [5], [6], [7], [8], [74], [75], [62], [79], [90], [86], [84], [105], [104], [102], [89], [88], [91], [113], [93], [1], [141], [116], [94]])
CoreHD-EMD (27, [[0], [71], [78], [3], [4], [5], [6], [7], [8], [74], [75], [62], [79], [90], [86], [84], [105], [104], [102], [89], [88], [91], [113], [93], [116], [1], [94]])
CoreHD-DCI (27, [[0], [71], [78], [3], [4], [5], [6], [7], [8], [74], [62], [75], [1], [2], [79], [90], [84], [104], [86], [105], [91], [102], [89], [88], [113], [82], [93]])
CoreHD-DCIz (27, [[0], [71], [78], [3], [4], [5], [6], [7], [8], [74], [62], [75], [1], [2], [79], [90], [84], [104], [86], [105], [91], [102], [88], [89], [113], [82], [93]])
CI2-EMD1step (26, [[0], [71], [3], [4], [5], [6], [7], [8], [78], [74], [75], [62], [79], [90], [84], [86], [105], [89], [88], [102], [104], [91], [93], [113], [82], [112]])
CI2-EMD (26, [[0], [71], [3], [4], [5], [6], [7], [8], [78], [74], [75], [62], [79], [90], [84], [86], [105], [89], [88], [102], [104], [91], [93], [113], [82], [112]])
CI2-DCI (26, [[0], [71], [3], [4], [5], [6], [7], [8], [78], [74], [75], [62], [79], [90], [84], [86], [105], [89], [88], [102], [104], [91], [93], [113], [116], [112]])
CI2-DCIz (26, [[0], [71], [3], [4], [5], [6], [7], [8], [78], [74], [75], [62], [79], [90], [84], [86], [105], [89], [88], [102], [104], [91], [93], [113], [116], [112]])
BPD-EMD1step (27, [[0], [78], [71], [74], [75], [4], [6], [7], [84], [90], [8], [102], [141], [86], [93], [79], [89], [105], [62], [3], [5], [104], [88], [1], [91], [82], [2]])
BPD-EMD (27, [[0], [78], [71], [74], [75], [4], [6], [7], [84], [90], [8], [102], [141], [86], [93], [79], [89], [105], [62], [3], [5], [104], [88], [1], [91], [82], [2]])
BPD-DCI (32, [[0], [78], [71], [74], [75], [4], [6], [7], [84], [90], [8], [102], [141], [86], [88], [112], [5], [91], [89], [116], [82], [113], [79], [105], [115], [104], [94], [93], [62], [95], [160], [3]])
BPD-DCIz (32, [[0], [78], [71], [74], [75], [4], [6], [7], [84], [90], [8], [102], [141], [86], [88], [112], [5], [91], [89], [116], [82], [113], [79], [105], [115], [104], [94], [93], [62], [95], [160], [3]])
CoreHD - CoreHD (28, [[0], [71], [78], [3], [4], [5], [6], [7], [8], [74], [75], [62], [79], [90], [86], [84], [88], [104], [105], [102], [89], [91], [113], [93], [141], [1], [116], [41]])
CI2 - CI2 (26, [[0], [71], [3], [4], [5], [6], [7], [8], [78], [74], [75], [62], [79], [90], [84], [86], [105], [89], [88], [102], [104], [91], [93], [113], [82], [112]])
BPD - BPD (32, [[0], [78], [74], [75], [71], [79], [94], [84], [3], [158], [91], [90], [89], [115], [4], [95], [98], [6], [7], [8], [102], [86], [82], [116], [104], [113], [105], [88], [93], [141], [2], [5]])
